   2.5293289e+02   7.9283254e+02
   4.0109942e+02   5.7962910e+02
   5.2972693e+02   8.1539893e+02
   5.2959708e+02   8.0675783e+02
   4.0225238e+02   4.9725820e+02
   3.4618450e+02   5.7540963e+02
   5.8381212e+02   6.2756435e+02
   2.8097476e+02   6.4449269e+02
   2.3563647e+02   6.0099791e+02
   4.3539741e+02   8.1247452e+02
   5.3558389e+02   5.4840384e+02
   5.6849668e+02   6.0004451e+02
   2.3170447e+02   7.9182362e+02
   3.6020905e+02   5.2305216e+02
   5.7866779e+02   6.9575069e+02
   4.5262817e+02   7.9593494e+02
   2.0920366e+02   7.4033024e+02
   5.6546322e+02   7.7620907e+02
   4.8211010e+02   7.6976844e+02
   4.8725937e+02   7.4466989e+02
   5.8015304e+02   7.0366130e+02
   3.3622906e+02   5.5128851e+02
   4.6774160e+02   5.2614365e+02
   3.7530697e+02   8.4156845e+02
   4.4584973e+02   7.8180784e+02
   4.8009022e+02   7.8326426e+02
   5.4328973e+02   6.7510913e+02
   5.2881445e+02   6.8228307e+02
   5.6230626e+02   5.7804932e+02
   5.1017132e+02   5.9551742e+02
   4.2078199e+02   5.1197025e+02
   4.1843182e+02   5.6866297e+02
   2.1358624e+02   7.5130561e+02
   3.1983669e+02   8.1182258e+02
   2.3181860e+02   7.2874008e+02
   5.0445147e+02   6.6897082e+02
   2.7637166e+02   7.5825930e+02
   5.6989066e+02   6.3036647e+02
   2.7054191e+02   6.2887337e+02
   5.1733511e+02   7.1405239e+02
   5.0915086e+02   5.9162935e+02
   5.4210843e+02   8.0636923e+02
   5.1401516e+02   6.8248519e+02
   3.5004089e+02   5.7178149e+02
   2.5524529e+02   7.8623569e+02
   2.9188063e+02   5.3547595e+02
   3.3499965e+02   7.7799734e+02
   3.6768100e+02   5.9105557e+02
   5.6813598e+02   6.5970713e+02
   3.7125010e+02   5.0238819e+02
   4.0071905e+02   5.9208542e+02
   5.2841703e+02   7.2683981e+02
   4.1129138e+02   8.6891574e+02
   5.0629186e+02   7.4646451e+02
   4.3865452e+02   6.0008417e+02
   2.6817059e+02   5.4718578e+02
   5.4728507e+02   6.4841662e+02
   4.4995708e+02   8.0521724e+02
   2.8137762e+02   6.3674799e+02
   2.9819345e+02   6.2712476e+02
   2.8631336e+02   8.2141288e+02
   3.8748508e+02   5.2602462e+02
   2.7512840e+02   7.2069660e+02
   4.7782435e+02   6.1139784e+02
   3.5032634e+02   8.7150616e+02
   3.7847220e+02   5.6402854e+02
   2.4411375e+02   6.0272275e+02
   2.5071433e+02   6.6052086e+02
   5.3311021e+02   8.3616985e+02
   5.7091810e+02   7.2318468e+02
   5.0773939e+02   8.5437525e+02
   5.7323264e+02   7.7814422e+02
   2.6922312e+02   8.1662234e+02
   3.3435938e+02   6.0793493e+02
   5.6021324e+02   7.3802124e+02
   5.1663574e+02   6.8284294e+02
   3.1168601e+02   7.6097253e+02
   4.9676288e+02   7.5978276e+02
   3.6632499e+02   5.0890220e+02
   5.5786565e+02   7.4102184e+02
   4.6489422e+02   6.0290480e+02
   4.1905850e+02   5.0228811e+02
   4.2746792e+02   5.8142074e+02
   3.1947303e+02   5.7534036e+02
   2.3194699e+02   7.9956494e+02
   3.5789110e+02   8.2568227e+02
   3.5744151e+02   8.1446422e+02
   3.5057952e+02   5.3296067e+02
   4.7136234e+02   5.4077329e+02
   2.9560173e+02   7.5334989e+02
   5.0199329e+02   7.3356810e+02
   5.4598890e+02   6.6283255e+02
   3.5065899e+02   5.5131754e+02
   5.0946626e+02   7.5519007e+02
   3.3550013e+02   8.6943428e+02
   3.4344785e+02   8.5250976e+02
   4.9729566e+02   6.1510164e+02
   4.8617369e+02   8.7297941e+02
   2.8890771e+02   7.8310600e+02
   4.6434285e+02   8.6165218e+02
   5.6737413e+02   7.2192866e+02
   5.1871554e+02   7.1020884e+02
   5.3853026e+02   7.5378928e+02
   2.5050097e+02   8.1988495e+02
   2.9266497e+02   7.7438317e+02
   4.1585695e+02   5.1303804e+02
   3.6788118e+02   5.7048103e+02
   5.2708005e+02   7.0711481e+02
   5.2661150e+02   6.6310862e+02
   3.6135513e+02   5.9312954e+02
   5.5205586e+02   7.2967311e+02
   4.1714655e+02   8.6325227e+02
   4.6657093e+02   8.1020709e+02
   3.3187716e+02   5.5925221e+02
   2.9997074e+02   7.3250085e+02
   2.7824304e+02   7.3660952e+02
   2.4059596e+02   6.8177676e+02
   5.1026434e+02   7.1604027e+02
   2.7009246e+02   6.8088234e+02
   3.0457704e+02   5.8076139e+02
   3.4047830e+02   5.5260081e+02
   3.9508311e+02   8.8080362e+02
   2.9061117e+02   5.9597144e+02
   2.3809303e+02   7.6307976e+02
   3.3316299e+02   5.4239282e+02
   4.1677819e+02   8.4878249e+02
   4.1226751e+02   8.0653052e+02
   2.8534997e+02   6.7618877e+02
   5.1218070e+02   5.9127947e+02
   5.1513975e+02   6.7191701e+02
   2.2922579e+02   6.2879799e+02
   4.4940695e+02   5.6473898e+02
   2.9221986e+02   8.3585437e+02
   3.2432502e+02   5.7282322e+02
   3.1506890e+02   7.9086811e+02
   5.0912905e+02   7.0399897e+02
   3.8616676e+02   4.9958037e+02
   2.6038174e+02   5.8121545e+02
   3.5212305e+02   7.8885850e+02
   4.4567897e+02   8.2805126e+02
