   7.4298061e+02  -1.4035337e+02
   8.9477303e+02   1.3137424e+02
   7.4937278e+02  -1.4747535e+02
   9.1936677e+02   1.5820718e+02
   9.2178790e+02   3.9740621e+01
   9.4736132e+02  -1.7250940e+01
   6.3932076e+02  -4.3452901e+01
   8.0560017e+02   1.2438061e+02
   6.2728164e+02  -5.6983365e+01
   9.5973884e+02   1.3801169e+01
   7.2294839e+02   8.3277951e+01
   7.2263307e+02  -1.2122160e+02
   8.4530522e+02   1.8817173e+02
   6.9088859e+02   1.0880630e+01
   9.6246128e+02   1.6136992e+01
   9.6435268e+02  -7.8833283e+01
   7.0574505e+02  -1.0308431e+02
   7.2793250e+02   9.5334320e+01
   8.7470601e+02   1.5988896e+02
   7.8026606e+02  -1.2111629e+02
   8.9835520e+02  -4.4331817e+01
   9.2659229e+02   5.2002668e+01
   8.1705750e+02  -1.8082730e+02
   6.5440766e+02  -8.8453825e+01
   9.4065261e+02  -8.9660140e+01
   8.0885947e+02  -1.3837476e+02
   8.9562585e+02   7.5232588e+01
   6.5570610e+02  -6.3997018e+01
   8.1832807e+02   1.6114561e+02
   9.6630935e+02  -1.1104074e+01
   7.5556175e+02   1.0175021e+02
   8.8112312e+02   1.6420862e+02
   9.0450496e+02  -1.4036881e+02
   6.5711541e+02  -1.2474906e+02
   6.9354819e+02   1.3608160e+01
   7.2794310e+02   1.2964310e+02
   6.4847281e+02  -8.3878707e+01
   8.1645181e+02  -1.2177723e+02
   9.1921378e+02   7.6059879e+01
   7.2450109e+02  -1.2975101e+02
   7.3510138e+02  -9.6603710e+01
   9.4877509e+02   7.5933156e+01
   7.9803276e+02  -1.6191386e+02
   8.7016608e+02   7.5840730e+01
   9.4282016e+02   9.5840645e+01
   8.4466666e+02   9.9278810e+01
   7.9630261e+02  -1.4360015e+02
   7.1082957e+02   1.0162377e+02
   7.8227212e+02   1.1171611e+02
   9.1055037e+02  -1.2112648e+01
   7.7968127e+02   1.2850008e+02
   7.9225798e+02   1.9921145e+02
   9.1586538e+02   1.3690034e+02
   9.0974780e+02  -1.3596103e+02
   8.1667493e+02  -1.3104756e+02
   6.3325551e+02  -8.6429655e+01
   7.6671692e+02   1.3579357e+02
   9.0388178e+02  -7.3581369e+01
   8.6487456e+02   9.1367979e+01
   8.6038455e+02  -9.2103081e+01
   6.7429276e+02   1.0155783e+02
   6.7510496e+02  -4.6079245e+01
   9.4898298e+02   1.0806374e+02
   6.4139447e+02   3.1802375e+01
   8.5359670e+02  -1.2781621e+02
   7.9008933e+02  -1.2324531e+02
   6.7094981e+02   1.2203764e+02
   7.6286392e+02  -1.2691995e+02
   9.5287223e+02   3.9610866e+01
   8.7709091e+02  -9.5286169e+01
   7.5183148e+02  -1.7281948e+02
   8.4638357e+02   9.9133471e+01
   9.2821745e+02   1.4984293e+02
   8.2433612e+02  -1.5858611e+02
   9.1057341e+02   4.0524526e+01
   8.5656392e+02   8.5741773e+01
   6.6614933e+02   2.3042826e+01
   7.9832245e+02   1.1520158e+02
   9.6440213e+02   6.5014007e+01
   9.1731060e+02  -1.0505730e+02
   8.4855904e+02  -1.1266358e+02
   6.0737901e+02   2.0567956e+01
   6.1180705e+02  -9.6094349e+00
   6.1436925e+02   4.1506782e+01
   9.3398344e+02  -1.0205330e+02
   6.6925896e+02   5.2129122e+01
   7.7026278e+02  -1.6853544e+02
   6.3467494e+02   1.3279143e+01
   8.7853719e+02   7.6891874e+01
   6.8976254e+02   1.7646345e+01
   8.2338073e+02   1.1271330e+02
   9.5921959e+02  -4.9370449e+01
   7.0566804e+02  -1.4327269e+02
   9.5187857e+02   1.1367364e+02
   9.3082765e+02   1.0472152e+02
   9.0373469e+02   1.6295791e+02
   6.6839174e+02   1.8121015e+01
   6.9280353e+02  -9.6812077e+01
   9.2817041e+02   2.7712307e+01
   8.2440872e+02   1.7079670e+02
   9.4435327e+02  -7.6360943e+00
   7.5945867e+02   9.6161417e+01
   6.7529524e+02  -6.8132091e+01
   8.8987658e+02   1.4854249e+02
   8.0299048e+02  -1.0828829e+02
   7.9350337e+02   1.1263539e+02
   7.6644032e+02   1.8580900e+02
   7.7757581e+02   1.2224585e+02
   8.5903895e+02  -1.2869362e+02
   9.8559227e+02  -6.2314216e+01
   7.3706194e+02   1.4873442e+02
   6.8534681e+02   1.1934748e+02
   6.2312681e+02  -1.8551461e+01
   7.0403563e+02  -4.9572856e+01
   6.6825403e+02  -8.2108895e+01
   8.3944918e+02   1.6732534e+02
   8.8223791e+02  -6.3699859e+01
   8.8756506e+02  -1.4433343e+02
   7.5756692e+02   1.4674895e+02
   6.0732846e+02  -7.0067310e+00
   7.4788438e+02   1.2317970e+02
   9.0421219e+02   1.1304345e+02
   6.9906023e+02  -1.1008275e+02
   8.8275923e+02  -6.7835968e+01
   6.5602666e+02   8.0128627e+01
   8.0367106e+02  -1.3244067e+02
   7.0606985e+02  -8.9262097e+01
   7.3067740e+02   1.0869210e+02
   6.5123823e+02   6.3032948e+00
   8.0449870e+02  -1.8323565e+02
   7.1701661e+02   1.2468837e+02
   7.9813439e+02  -1.8894507e+02
   7.5380420e+02  -1.7159755e+02
   7.0109048e+02  -8.1797460e+01
   7.5143325e+02   1.7963501e+02
   6.5031226e+02  -7.3444380e+01
   9.7426727e+02   9.5015331e+01
   7.0557368e+02  -4.8691759e+01
   9.0471456e+02  -1.3907699e+02
   8.2688694e+02   1.0237879e+02
