  -5.7222966e+01   1.4208147e+02
   1.2664137e+02   9.1725932e+01
   1.2417220e+02  -1.1476788e+02
  -1.0417264e+02  -6.5332674e+01
   8.8295178e-01  -1.9762941e+02
   1.3344949e+02   7.6496902e+01
   1.2294481e+02  -9.0173880e+00
   2.1788691e+00   1.4302300e+02
   1.1655610e+02  -1.1146652e+02
   6.0351437e+01   1.7342699e+02
  -1.1380129e+02   1.0475123e+02
   1.1883110e+02  -1.2087601e+01
   1.4517004e+02  -8.0356574e+01
   5.7934155e+01   1.0310622e+02
   8.2854693e+01  -1.3890503e+02
   1.1632564e+02   5.4580977e+00
   9.0149985e+01  -9.0392707e+01
   1.0122553e+02   5.9632664e+00
   9.9740091e+01  -8.5997987e+01
  -1.0894403e+01   1.6841460e+02
  -1.1422661e+02   1.3029708e+02
   1.3724814e+02  -3.0050002e+01
   1.0468431e+02   1.3048922e+02
  -1.4667733e+02   8.8925477e+01
  -1.4027255e+02  -5.4048401e+01
  -1.4099768e+02   3.8419296e+01
  -8.9327546e+01  -1.0179864e+02
  -1.8810865e+02  -1.4922534e+01
   1.1758593e+02  -2.9161349e+00
  -6.8975829e+01  -1.7537973e+02
  -4.7036910e+01   1.0466028e+02
   1.0272556e+02   3.8435136e+01
   1.8947836e+01   1.2626654e+02
   3.3328120e+01   1.5648312e+02
  -6.9619107e+01   1.4735145e+02
   1.1007431e+02   7.7805808e+01
   3.8222192e+01   1.1463898e+02
  -1.1434935e+01  -1.4319077e+02
   1.7982966e+02  -6.4403624e+01
  -1.2115793e+02   7.9358072e+01
  -1.8659733e+02  -4.2699182e+01
  -1.1208750e+02  -1.3711654e+02
   6.7744960e+00   1.7294386e+02
  -1.3231959e+02  -4.0835856e+01
   1.3551037e+02   1.1322250e+02
  -7.0883656e+00   1.1248471e+02
  -1.8097493e+02   6.9671576e+01
   1.4172449e+02   7.3116955e+01
  -6.7328274e+01  -1.7855633e+02
  -8.9697149e+01  -1.0185766e+02
   1.0883940e+02   4.8392153e+00
  -5.5364043e+01  -1.5704823e+02
  -3.0642838e+01  -1.4462407e+02
   4.5397779e+01   1.0316994e+02
   9.8134959e+01  -7.9402738e+01
   1.6595205e+02   7.2231899e+00
   1.1548160e+02  -1.1030133e+02
   4.2170275e+01  -9.2240399e+01
  -4.8100647e+01  -1.2769063e+02
  -9.6055746e+01   1.3415263e+02
  -3.3413979e+01  -1.2072284e+02
  -1.8243731e+02  -2.2543569e+01
  -1.3874756e+02  -5.0034370e+01
  -1.0408487e+02  -3.1590989e+01
  -8.7699426e+01  -9.2363894e+01
   1.5374519e+02   5.2227681e+01
  -8.9664868e+01   7.3742454e+01
  -1.1473063e+02  -1.9038825e+01
   9.1962250e+01   7.0302924e+01
  -1.5280323e+02  -4.7483114e+01
   1.7089896e+02  -4.6855161e+00
   2.2895705e+01  -1.2220853e+02
   1.2370617e+02   1.4562245e+02
   7.2700190e+01  -1.8167245e+02
   1.2550600e+02   4.2640017e+01
  -1.6397326e+02  -9.1559017e+01
   6.2131122e+01  -1.4606078e+02
  -1.3320045e+02  -1.2759157e+02
  -2.7699801e+01   1.4328288e+02
  -1.1159873e+02  -1.4244404e+02
  -7.9339149e+01  -1.1326842e+02
   3.2412276e+01  -1.3346129e+02
   5.5261323e+01  -9.1609384e+01
  -1.0952577e+02  -2.8864172e+01
   6.3152278e+01   1.8865259e+02
   1.0495394e+02  -4.6051067e+01
   9.9382246e+01   1.3305009e+01
  -7.1520195e+01   1.7541972e+02
  -3.4526115e+01  -1.0912519e+02
  -1.0108574e+02   6.1321547e+01
  -2.6601859e+01  -1.6477422e+02
  -2.9422665e+01  -1.4975770e+02
   1.1530547e+02  -1.3479935e+02
   5.2259054e+01   1.0614430e+02
  -9.9961771e+01   1.0872770e+02
  -6.3443948e+01  -1.4677815e+02
  -1.2486688e-01  -1.3796730e+02
  -1.6346183e+01   1.0133782e+02
  -8.2748723e+01  -1.1810844e+02
   1.1509344e+02   5.8089877e+00
  -1.0446872e+02  -1.1342560e+02
   1.2122033e+02  -1.8225100e+01
  -1.6139197e+02  -6.1853876e+01
  -8.7713901e+01   9.5086847e+01
   4.4783383e+01   1.8756983e+02
   1.1776043e+01  -1.7148764e+02
   1.6264222e+02  -7.7116960e+01
  -4.1890023e+01   1.3106613e+02
   9.2792200e+01   8.5822429e+01
   1.7307026e+02  -5.7069085e+01
  -1.4718900e+02   5.0822703e+01
   2.4336824e+01  -9.7922226e+01
  -1.6198879e+02  -6.7228016e+01
  -4.2828063e+01   1.5235288e+02
  -2.5565659e+01  -1.0578946e+02
  -1.4998573e+02   1.5739601e+01
  -1.1400801e+02  -8.2238639e+01
   7.4768502e+01  -1.0640143e+02
   3.8886188e+01  -1.8641200e+02
   3.7865111e+01  -1.7033936e+02
   1.2489296e+02   3.0525055e+01
  -1.7668130e+02  -6.4380285e+01
  -7.8567205e+01   1.1271938e+02
   1.0656934e+02  -7.2277053e+01
   7.1489731e+01  -1.8020975e+02
  -1.8329432e+02   2.5065768e+01
  -1.6050394e+02  -2.8020946e+01
   1.4285916e+02   3.0658596e+01
   9.5258794e+01   1.2847419e+02
  -1.3819260e+02  -6.9330314e+01
   4.1569247e+01  -1.1594112e+02
   4.9353467e+00  -1.1425823e+02
  -9.9399229e+01  -1.0220129e+02
  -4.4652733e+01   9.0044440e+01
  -1.0214641e+01   1.0505785e+02
  -1.6070394e+02  -6.4661190e+01
   3.6942625e+01  -1.6920003e+02
   1.7609855e+02  -5.5005584e+01
   1.9895308e+02  -8.6171008e-01
  -1.1645334e+02  -4.3160167e+01
