  -7.8073503e+01   1.0963086e+02
  -6.3484446e+01  -9.7129708e+01
   1.2018775e+02   9.1188991e+01
   7.6555560e+01   8.7336564e+01
  -3.7130902e+01   1.8061690e+02
   5.0002379e+01  -1.1615095e+02
   1.1193396e+02  -3.8344563e+01
   2.4709038e+01  -1.3034656e+02
   1.5606325e+02  -1.1384806e+02
   1.1512807e+02   7.5984270e+01
  -2.9657131e+01  -1.0265242e+02
   1.5350287e+02   7.8393037e+01
  -6.6512167e+01   9.9908520e+01
   1.3678188e+02   3.9506820e+01
  -6.0587889e+01  -1.4027099e+02
   1.0542782e+02  -2.4197124e+01
   9.4575567e+01  -4.0937680e+01
   1.0021766e+02   1.1927218e+02
   2.5782595e+01   1.0015645e+02
   9.7375491e+01   6.4739467e+01
  -2.2517369e+01   1.5922216e+02
  -6.4595524e+01   8.3573667e+01
   1.1179583e+02  -8.1634080e+01
   1.2459556e+02   4.5202452e+01
   8.6349351e+01  -9.6565636e+01
   9.2210178e+01   9.8471300e+01
  -1.6623901e+02   8.2622527e+00
   1.1463023e+02  -1.5705196e+02
  -1.0438977e+02   5.7751330e+01
   1.2234507e+02   4.0484018e+01
  -1.6202254e+02  -1.0289193e+02
   1.1278699e+02  -5.5651556e+01
  -1.2736105e+02   9.3119664e+01
  -1.1921825e+02   2.5054827e+01
  -3.1125172e+01   1.3997946e+02
   7.4548617e+01  -1.3306347e+02
   2.8677075e+01   1.4025772e+02
  -1.4766815e+02   1.2211799e+02
  -8.2759079e+01  -7.7630620e+01
   1.0830384e+02   1.5531226e+02
   1.0398214e+02   3.0820253e+00
   1.4267699e+02  -1.2463072e+02
  -1.2937716e+01  -1.2855581e+02
   8.7703301e+01  -8.2042066e+01
   1.8382462e+01  -1.5841604e+02
  -5.4543070e+01   1.5280136e+02
   1.4359071e+01   1.0945932e+02
   1.6277299e+02  -2.6142923e+01
  -1.5887533e+02  -1.1009143e+02
  -1.6484000e+01  -1.5905882e+02
   9.0507564e+01   4.9652783e+01
   1.7257281e+02   6.4463685e+01
  -5.1384079e+01  -1.7666740e+02
  -7.4490712e+01  -1.4399933e+02
  -1.2808351e+02  -1.4958103e+01
  -1.6249885e+02   5.0448235e+01
  -7.3907623e+00   1.7474471e+02
   3.0856747e+01  -1.5109020e+02
   2.8161410e+01  -1.2126034e+02
  -2.3753439e+01  -1.9487109e+02
  -4.2882246e+01  -1.4763023e+02
  -8.9864771e+01  -1.1175450e+02
  -3.7181350e+01   1.3243812e+02
  -1.4915605e+02   1.0303145e+02
  -6.3708985e+01   1.4024528e+02
  -1.6458418e+02  -4.5813996e+01
  -1.1976729e+01  -1.1396701e+02
  -5.9866104e+01  -1.0935577e+02
   1.9673858e+01  -1.2192864e+02
   1.1138518e+02  -1.6025300e+02
   1.0703539e+02  -7.3306674e+01
  -5.9799705e+00   1.3008637e+02
  -9.6209064e+01  -9.6087723e+01
   9.9534791e+01  -1.2745831e+02
  -1.2386796e+02  -5.6857123e+01
   1.8022058e+02  -4.8820883e+01
  -8.9097473e+01   6.0615093e+01
   9.6736652e+01   8.4080102e+01
  -5.1329809e+01  -1.5806002e+02
   9.9659051e+01   1.6877065e+02
  -1.0477910e+02   1.1303713e+02
  -1.5429958e+02  -2.0871232e+01
  -5.2831944e+01   1.3853592e+02
   1.5599218e+02   7.6182192e+01
   1.9976181e+01   9.8901246e+01
   7.7958613e+01   1.2219177e+02
  -5.9117236e+01   1.6505317e+02
  -1.9168371e+01   1.0111472e+02
  -1.3914929e+02  -7.2134259e+01
  -8.3678994e+01  -9.3077376e+01
   1.5128955e+02   3.9840424e+01
  -1.0660986e+02   7.7632563e+00
   5.0028004e+01  -1.1467169e+02
  -1.2555471e+02  -3.3957329e+01
   5.7801132e+00  -1.5268076e+02
  -1.3327961e+02   4.5619983e+01
  -1.3887863e+02  -1.3247309e+02
   1.0120607e+02  -1.2288293e+02
   1.7005175e+02   2.5348847e+01
   1.2596515e+02  -5.4809239e+00
   2.9715249e+01   1.8318917e+02
  -6.5968671e+01  -1.0013386e+02
  -8.8855887e+01   1.0433917e+02
   1.1205085e+02   1.2581279e+02
  -1.0025502e+02  -5.4544664e+01
   1.6465073e+02  -8.9940814e+01
   1.4416795e+02  -3.6701923e+01
   2.0879269e+01  -1.5012272e+02
  -9.9424554e+01   7.2681821e+01
   1.5180874e+02   1.1569512e+02
   1.1115629e+02   7.9265292e+01
  -1.3155577e+02   1.0262346e+02
   1.0548360e+02   2.6385535e+01
   1.0586165e+02   9.5906218e+01
  -2.3562881e+01  -1.5409650e+02
  -1.1023497e+02  -6.9198596e+00
   4.6687342e+01  -9.5070234e+01
   9.1042894e+01  -1.5289394e+02
  -1.6179508e+02   7.2371186e+00
   1.5968063e+02   4.0759355e+01
   7.8670289e+00   1.2297409e+02
  -1.2023289e+02   1.4569480e+02
   8.9973731e+01   1.3194984e+02
   1.7487162e+02  -7.8055761e+01
   8.7172096e+01   9.5057107e+01
   9.3294148e+01   8.9874242e+01
  -1.0469335e+02   3.5470087e+00
   9.4244005e+01   7.5371511e+01
   2.7131636e+01   1.3200360e+02
  -9.3865804e+01  -4.1915546e+01
  -1.6413706e+02  -1.0096924e+02
   1.3144118e+02   2.1819163e+01
   1.2016285e+02   3.3197222e+01
   1.7640618e+02   2.4408269e+01
  -1.1637450e+02  -1.5421181e+02
   2.6803583e+01  -1.3911800e+02
  -1.5563154e+02  -3.6305223e+01
   4.7025173e+01  -9.5409239e+01
  -5.2887799e+01  -9.6266478e+01
  -1.3285954e+02  -3.3900502e+01
   1.0783730e+02   1.3261283e+02
  -1.0856708e+02  -4.4692045e+01
   1.3689462e+02  -3.2353824e+01
  -8.2080447e+01   8.7903668e+01
  -1.5812640e+02  -2.3025514e+01
   1.8170169e+02  -5.5341700e+01
  -8.3080612e+01  -6.5511876e+01
  -1.3340387e+02   1.4879665e+02
  -1.5921139e+02  -2.7214542e+01
   1.2884156e+02  -2.9841492e+01
   9.9149609e+01   4.7410377e+01
   1.2622436e+02  -4.0581521e+01
  -1.4065692e+02  -7.1495047e+01
   3.3277398e+01  -1.0036110e+02
   1.4081441e+02   5.7685845e+01
  -1.0594958e+02   6.4724558e+01
   1.7160267e+02  -6.2334429e+01
   1.7471855e+02   9.3590322e+01
  -4.5867641e+01   1.1460442e+02
  -2.8113257e-02  -1.4512741e+02
  -1.2211808e+02  -1.5272372e+02
  -1.4890913e+02   2.6543393e+01
   1.2386742e+02   1.0874958e+02
   1.2976116e+02   6.8998286e+01
   1.3618250e+02  -1.3411006e+02
   1.0896201e+02  -5.6797094e+01
   1.1971209e+02  -4.3468255e+01
   1.5891154e+02   3.5145033e+01
  -9.7006905e+01   9.8914914e+01
   1.0521469e+02  -7.6412938e+01
  -1.4046454e+02  -5.7485300e+01
  -9.0560595e+01  -8.3435190e+01
  -8.4783549e+01   6.9892242e+01
  -5.4841704e+01   8.7586057e+01
  -1.1386194e+02  -9.8762280e+01
   1.2088615e+02   8.7182693e+01
  -1.0800274e+02   1.4870105e+01
   1.6039698e+02  -3.9968964e+01
   1.5007013e+01  -1.8577064e+02
   8.6839197e+01  -1.6039751e+02
  -7.1850690e+00  -1.9399704e+02
   1.9525850e+02   1.3301075e+01
  -1.5633605e+02   6.1757804e+00
   6.9108765e+01  -1.6305772e+02
  -1.0175688e+02  -2.8922020e+01
   1.5432435e+02  -9.5140174e+01
   1.3695759e+02   2.0042333e+01
   1.5710856e+02  -1.0544751e+02
  -1.3280710e+02  -9.0016179e+01
  -8.1988099e+01  -1.0548181e+02
   9.0195379e+01  -8.5802499e+01
  -2.7244148e+01  -1.2407609e+02
  -5.0207309e+01   1.5546704e+02
  -9.6072993e+01   7.3314675e+01
   1.7002867e+02   3.9563441e+01
   1.8085185e+02   7.8104016e+01
  -7.6292272e+01   9.4906144e+01
   7.2121791e+01  -1.7166497e+02
  -7.1112806e+01   1.1203499e+02
  -1.4138685e+02  -4.7815266e+01
   1.5926204e+02  -7.9051229e+01
   6.4119715e+01  -1.1077764e+02
  -3.7965162e+01   1.3131601e+02
   1.5171786e+01   1.0275506e+02
   4.1786425e+01  -1.8254689e+02
  -1.8815870e+01  -1.6461305e+02
  -1.4445985e+02  -7.3747530e+01
   1.5156481e+02   1.2533713e+02
  -1.3582688e+02  -2.6414664e+01
   1.4781245e+02   1.1250325e+02
   1.8470632e+02   5.3588606e+00
  -8.8039640e+01   4.9069994e+01
   1.5598545e+01   1.4020544e+02
  -4.5870698e+01   1.0557610e+02
  -3.3354474e+01   1.8802473e+02
   1.4545070e+02  -9.8584531e+01
   1.5599635e+02   6.8042716e+01
   8.9005052e+01  -1.3111824e+02
  -9.0535184e+01  -1.4438660e+02
   9.2647568e+01   3.8035902e+01
   1.4682884e+02   4.8553295e+01
  -1.5217131e+02   7.4554958e+01
  -1.5959986e+02   1.1102893e+02
  -1.4347633e+02   7.1736402e+01
   6.0323144e+01  -9.4004296e+01
   1.0067477e+02   2.4752590e+01
  -7.2758032e+01  -1.5775268e+02
  -1.1634312e+02  -8.2498937e+01
  -2.4518551e+01   1.2799494e+02
  -1.8373252e+01   1.5259390e+02
  -1.2832446e+02   1.0195192e+02
  -4.7695618e+01  -9.4740535e+01
   9.0780904e+00   1.4134195e+02
  -1.8680349e+02  -3.0614316e+01
   1.0105982e+02  -5.2224596e+01
   1.7438073e+02   2.6987421e+01
  -8.4717423e+01  -1.5363921e+02
   1.2290147e+02   1.1346975e+02
   6.1796430e+00   1.0049479e+02
  -1.3799382e+02  -1.4362384e+02
  -4.9232178e+01  -1.2683867e+02
  -7.5067842e+01  -1.5413115e+02
  -1.9755264e+02  -2.1180944e+01
  -3.4810017e+01   9.7979741e+01
   1.7009674e+02   7.5202212e+01
   1.7409432e+02   2.1454181e+01
  -5.7701287e+01  -1.4772099e+02
  -1.4271643e+02  -4.7279836e+01
   5.3872352e+01  -9.0835851e+01
  -1.2694552e+02   1.0238818e+02
   6.6200820e+01   1.5368804e+02
  -5.2230554e+01   1.6133032e+02
   1.6475936e+02   2.0747266e+01
  -1.2194415e+02   5.3524216e+01
   1.2433883e+02   8.7694065e+00
   4.5576612e+00  -1.7397210e+02
   1.7928044e+02   4.3821864e+01
   1.1295977e+02  -1.5403341e+02
  -1.7391475e+02   8.4902792e+01
  -1.2740655e+02  -9.4739086e+01
   2.2099579e+01  -1.3488924e+02
  -1.8596277e+01  -1.2523661e+02
  -7.8345306e+01   6.2357406e+01
   1.2805938e+02   6.8755689e+01
  -1.3146760e+02   4.9446019e+00
  -1.9348771e+02   4.3827096e+01
   2.4867833e+01   1.6476040e+02
   1.3204096e+02   1.9023149e+01
   2.5132945e+01   1.2483048e+02
  -1.5523263e+02  -8.6696572e+01
  -3.4847186e+01  -1.1708225e+02
   2.5199756e+01   1.6044300e+02
  -1.8214515e+02  -2.1727031e+01
   1.1795219e+02  -2.3198031e+01
   7.4145798e+01  -1.1619868e+02
  -7.5709573e+00   1.0611538e+02
   6.4236648e+01   1.2469267e+02
  -1.4707105e+02  -4.9279451e+01
  -1.2767993e+02   2.8165442e+01
   1.3914839e+02  -1.3395405e+02
   1.4944025e+02   6.1936913e+01
  -1.7662827e+02   4.8083044e+01
  -8.2011790e+01   6.9578664e+01
  -5.3521234e+01  -1.4679201e+02
   3.3514698e+01   1.1745737e+02
   1.3677350e+02   8.2398301e+01
   1.7145130e+02   9.6716817e+01
  -5.5028218e+01  -9.5223432e+01
  -6.6863679e+01  -8.7609108e+01
   1.0666832e+02   1.2869793e+02
  -7.1435134e+01  -1.1718708e+02
  -4.2919035e+01   1.3215741e+02
  -4.5015425e+00   1.3990697e+02
   8.2556113e+01   9.9800743e+01
  -4.7290034e+01  -1.8248375e+02
  -1.1227214e+02  -9.6485853e+01
  -1.0420363e+02  -4.4319444e+01
   7.5375062e+01   7.7249134e+01
   9.0921888e+01   1.0794372e+02
  -1.5816206e+01   1.8498077e+02
  -3.8902719e+01   1.9374900e+02
   1.3182518e+01   1.9310889e+02
   2.4070299e+01   1.2302945e+02
  -2.4724205e+01   1.6753675e+02
   7.2783529e+01  -1.5884028e+02
  -2.1814263e+01   1.4945954e+02
  -1.5071557e+02   4.4970021e+01
  -9.7813680e+01   6.4484888e+01
   3.9485142e+01  -1.7071512e+02
   1.5832243e+02  -3.7665012e+01
   1.0755019e+02   3.4486032e+01
   1.8407885e+02  -7.0033188e+01
  -1.2196537e+02  -1.0215728e+02
  -6.2393520e+01  -1.0248660e+02
   1.4754622e+01  -1.0263259e+02
   7.7541701e+01  -9.5496445e+01
  -1.1342985e+02   1.0016576e+00
   1.1530264e+02  -9.8044662e+01
   8.2508309e+01  -9.3881298e+01
  -1.2517188e+02   6.2494963e+01
   1.1571360e+02   9.4735183e+01
   8.5598453e+01   5.2624189e+01
   9.7882278e+01   1.4836707e+02
  -7.0044735e+01   1.3583517e+02
   7.6505348e+01  -1.8071634e+02
   3.9395892e+01  -1.7533713e+02
  -8.4243536e+01  -5.6596314e+01
   4.5453450e+01  -1.2485605e+02
  -5.3350995e+01  -8.6702722e+01
  -1.5187063e+01   1.4359808e+02
   3.7152904e+01   1.6396913e+02
  -1.2759696e+02   7.0912756e+01
  -1.8132492e+02   8.1732693e+01
  -1.2083957e+02   8.2208901e+01
   1.1060165e+02   8.3604769e+01
  -8.8382631e+01   1.2858641e+02
   6.6566611e+01   1.0989142e+02
   8.8838365e+01   1.3334188e+02
   6.4288764e+01  -1.1413250e+02
  -9.5826405e+01  -7.0252609e+01
   7.8743366e+01  -1.0174453e+02
  -1.5332149e+02   8.8408050e+00
   2.5862469e+01   9.9511981e+01
  -1.2673330e+02   1.4224944e+02
  -1.0752695e+02   3.1037946e+01
  -1.0237258e+02   1.0139924e+02
   1.1444357e+02  -1.4725188e+02
  -1.0752269e+02   1.2265911e+02
  -9.0434963e+01  -4.7389436e+01
  -8.1484487e+01  -1.1096713e+02
  -2.0810899e+01   1.0129398e+02
  -5.4600049e+01   1.2097367e+02
   5.2545494e+01   1.0494183e+02
  -8.4297015e+00   1.8737052e+02
   7.7748712e+01  -9.5262436e+01
   1.4910155e+01  -1.3549853e+02
  -1.1425994e+02  -6.9487068e+01
   1.3930656e+02  -4.0791387e+01
   6.7026040e+01   7.8081052e+01
  -5.1508100e+01  -9.2582098e+01
   1.5866284e+02   5.6635351e+01
   2.3844942e+01  -9.7736890e+01
  -8.3349390e+01  -1.0956036e+02
   1.0420111e+02  -2.6236480e+01
  -6.1874893e+01   1.2227553e+02
  -6.3285960e+01   1.4012511e+02
  -1.4547071e+02  -1.2860528e+01
  -5.0489519e+01  -8.6894884e+01
   2.7102137e+01   1.3387817e+02
   2.0845678e+01  -1.1405301e+02
   3.8102933e+01  -1.6001997e+02
  -7.4016959e+01  -1.0952855e+02
  -1.1003751e+02   8.4544873e+01
   1.4814911e+02  -1.1699777e+02
   2.3308543e+00  -1.6752956e+02
   1.3816003e+02   1.3760933e+02
  -9.3163410e+01  -7.6732082e+01
   2.3847306e+01  -1.5475838e+02
  -5.8274368e+01  -8.9877963e+01
   4.4158406e+01   9.5210103e+01
  -6.2839391e+01   1.6672657e+02
  -1.0039541e+02   7.6969917e+01
  -1.6014081e+02  -1.4529717e+01
   1.3140738e+02   2.8217614e+01
   1.5374579e+02  -5.3463454e+01
  -1.1115854e+02  -1.4298537e+02
  -9.9199673e+01   1.7075988e+02
   9.9829481e+01   8.9402382e+01
  -1.1042136e+02  -6.9317569e+01
  -6.9324039e+01   1.3544218e+02
  -1.6693246e+02   5.6990562e+01
   1.0261172e+02  -8.5172290e+01
   5.7752783e+01  -9.9494291e+01
   1.4767471e+02   4.8284140e+01
  -8.6029512e+01  -7.7876140e+01
  -6.8438095e+01   1.2196582e+02
   1.1849868e+02   5.8503984e-01
  -7.4287078e+01   8.4659750e+01
   1.6241837e+02   6.9502816e+01
   1.3869023e+02  -8.6052194e+00
  -1.5609434e+02   1.0601239e+02
   1.4731948e+02   2.7361772e+01
   1.6815203e+02   9.0523280e+01
   9.3833853e+01   1.5076251e+02
  -2.7749383e+01  -1.4432219e+02
  -6.4330598e+01  -1.4678049e+02
  -7.7481075e+01   9.1307055e+01
   6.8667103e+01   8.9194682e+01
   1.0923289e+02   9.3418482e+01
   5.7084443e+01  -1.6410307e+02
  -5.3377382e+01   8.9602855e+01
   7.2395706e+01   1.1622784e+02
   2.8595219e+01  -1.8740292e+02
  -1.0100180e+02   1.7237929e+02
   9.9182025e+01   1.4917120e+02
   1.1686458e+02  -1.0085601e+02
   1.5049767e+02   1.0274118e+02
  -1.7763014e+02   1.3783786e+01
  -1.0774817e+02   1.4271947e+02
  -1.0422445e+02   1.0586652e+02
