  -7.3916258e+01  -2.5632462e+02
  -2.9314371e+02  -5.8231331e+01
   3.2699823e+01  -3.6404924e+02
  -9.1300183e+01   3.2283810e+02
   1.9641219e+02   2.7306813e+02
   2.4497833e+02  -3.5017170e+01
  -2.1637233e+01  -3.8667895e+02
   3.4031049e+01  -2.3941625e+02
   1.7385461e+02  -3.0970256e+02
  -1.2915042e+02  -2.9345206e+02
   7.8684120e+01  -2.0275966e+02
  -2.0717652e+02   1.3296749e+02
  -3.7963197e+02  -7.7074048e+01
  -3.0672606e+02  -8.6646191e+01
   2.8236459e+02   3.8524816e+01
   2.6021476e+02   2.6031183e+02
  -2.0735694e+02   1.4150848e+02
   3.2641374e+02   1.3560284e+02
   2.5638159e+02  -2.7970724e+02
   1.9634493e+02   1.8174058e+02
   1.5418999e+02  -1.5322897e+02
  -8.8151036e+01   2.2050929e+02
   1.5709625e+02   3.0676398e+02
  -1.6507492e+02   3.4537409e+02
  -3.0826929e+02  -3.0198766e+01
   2.1799666e+02   2.0272769e+01
  -2.1554102e+02   3.2562188e+02
  -3.8161517e+02   6.4348696e+01
   1.1828242e+02  -2.4771439e+02
  -8.3864442e+01  -3.4664922e+02
  -3.5478251e+02   1.6631436e+02
   1.5340639e+02  -2.2599815e+02
   7.0516321e+01   3.3111069e+02
   2.9948610e+02   1.9989384e+02
   2.0427366e+02   8.0149815e+01
  -9.9997161e+00   2.0837820e+02
   2.6919786e+02   1.9418988e+02
   5.5464925e+01   2.3904871e+02
   1.9245883e+02  -2.8620961e+02
  -1.1460832e+02   1.7183685e+02
   3.5340986e+02   2.1447009e+01
  -8.7337530e+01   3.3003197e+02
  -2.2793690e+02   1.3737529e+02
   7.4403157e+01  -3.0643778e+02
  -1.9540792e+02   1.6128735e+02
  -1.6057345e+02  -2.2105534e+02
   2.2714853e+02   3.1611894e+02
  -1.3702005e+02  -3.7201141e+02
   3.6547122e+02  -1.4239606e+01
  -3.0558387e+02  -8.8552528e+01
   2.0905696e+02   2.3280112e+02
  -2.7883964e+02  -1.0963837e+02
  -2.8626341e+02  -9.9408442e+01
   3.0539190e+02   2.0662753e+02
   2.0352839e+02   2.7010736e+02
  -3.1113799e+02   9.2819338e+01
   2.3246880e+02  -3.6961402e+01
   3.6841366e+02  -7.0298809e+00
  -1.5032501e+02  -3.1881846e+02
  -2.9058578e+02   1.7327237e+02
   2.0920139e+02  -1.0151685e+02
  -3.1630960e+01  -2.0595557e+02
  -2.3015618e+02   2.4097804e+02
  -2.6501274e+02  -4.5825967e+01
   3.7477520e+02  -6.8903068e+01
   1.7980974e+02  -3.3713998e+02
  -3.3619029e+02  -3.7004536e+01
   1.4872669e+02  -2.6337823e+02
  -2.5582325e+02   7.7216071e+01
   1.7617501e+02  -3.0254443e+02
   2.8165789e+02  -1.6527113e+02
  -3.0514665e+02   7.9369934e+01
  -1.8900377e+02  -2.6213774e+02
   5.4853241e+01   3.6353912e+02
  -1.1723555e+02  -1.8824830e+02
   2.3007085e+02  -1.1981999e+02
   4.8004047e+01  -3.0189011e+02
  -9.7100394e+01   3.5246057e+02
   1.9035364e+02   1.6930106e+02
   1.0617984e+02   1.9303472e+02
   1.3057040e+02   2.3573391e+02
   1.0967186e+02   2.3470066e+02
   2.1680009e+02  -1.7521945e+02
   3.8480559e+01   2.3830582e+02
  -3.2571614e+02   1.6218469e+02
  -1.0589483e+02  -2.8370523e+02
  -1.0254435e+02  -3.0373724e+02
  -1.7017924e+02   2.2496070e+02
  -2.5519899e+02   1.2870301e+02
   8.7733387e+01   2.6022404e+02
  -2.5602485e+02  -1.8815022e+02
  -2.5145511e+02   1.2870398e+02
   1.5751770e+02  -1.4055478e+02
  -3.4485150e+01  -2.4571994e+02
  -2.4114195e+02   1.2458567e+02
  -9.8653672e+01   2.8384415e+02
   2.6100524e+02  -6.9322759e+01
  -2.6174471e+02  -2.8941464e+02
   5.8323100e+01   2.0596291e+02
  -2.9937403e+02  -2.4420117e+02
  -2.0072089e+02  -2.6236468e+02
   2.3863712e+02   2.4048439e+02
  -6.1910445e+01   1.9935255e+02
   3.6627844e+02  -1.5375768e+02
  -2.5640267e+02  -8.1188978e+01
   2.1397505e+02   1.1941342e+02
   5.0676937e+00  -3.2023497e+02
  -3.0756038e+02  -1.2198551e+02
  -3.2433691e+02  -2.1313874e+02
   1.5539161e+02   2.1687170e+02
   2.9512187e+02   5.8077420e+01
  -3.2690622e+01   2.7388066e+02
   1.5171491e+02   2.0682358e+02
   1.8662435e+02  -3.3609965e+02
  -8.4968223e+01   3.5259447e+02
  -1.2358850e+02  -1.8785613e+02
   1.0857390e+02   2.6134367e+02
   1.4120561e+02   2.9996711e+02
  -1.3947491e+02  -1.4594933e+02
  -1.9260079e+02   2.9556651e+02
  -3.2837823e+02   1.1933529e+02
  -6.4645742e+01  -3.7846141e+02
  -7.0932662e+01   2.9350372e+02
   2.2534963e+02   2.0477289e+02
   3.7131912e+01   3.0942816e+02
   2.1246201e+02  -9.6361401e+00
   1.2838314e+02  -2.0982444e+02
   1.2308737e+01   3.1008342e+02
   2.8213757e+02   1.3515515e+01
  -4.9483053e+01  -2.2030563e+02
   2.4589365e+02  -7.9954058e+01
   2.0648343e+01  -2.4719554e+02
   3.2424538e+02   1.9490592e+02
   2.8582814e+02   2.6199360e+02
  -2.0000082e+02  -1.5023847e+02
   2.8940727e+02  -1.0905541e+02
  -2.0052839e+01   3.3770639e+02
   2.5515004e+02   1.1503756e+02
  -2.2609737e+02   8.3769222e+01
   4.9670219e+01  -2.9845641e+02
  -2.3515432e+02   7.1650589e+01
   8.8394985e+01   3.2611660e+02
  -5.9982104e+01   3.2591066e+02
   3.1602881e+02   6.4148524e+00
   2.9390582e+02  -2.3410387e+02
   4.9061916e+01  -2.4363630e+02
   1.1161496e+02   3.6423647e+02
   2.6805643e+02  -2.5592650e+02
  -3.2020528e+02  -6.4334802e+01
   3.7708998e+02  -7.2555485e+01
  -3.1101074e+01   3.0238543e+02
   1.8779629e+02   1.9013560e+02
   9.9406659e+01  -2.4605909e+02
   3.0105418e+02  -1.3322667e+02
  -1.9169552e+01  -2.1974275e+02
   1.2445822e+02   3.7420215e+02
   1.5271024e+02  -2.9467031e+02
   1.8429381e+02   8.7391434e+01
   1.9171985e+01  -2.0637838e+02
   2.2615068e+02  -7.4582653e+01
   2.4546883e+02   2.5469727e+02
   6.8654474e+01  -2.5381891e+02
  -1.0157331e+02  -1.9022815e+02
  -2.9130236e+02  -1.8345347e+02
   3.4672547e+02  -1.6401706e+02
   1.9413613e+02   9.4568606e+01
   2.1040671e+02  -2.9990767e+02
   9.2121095e+01   3.4385156e+02
   2.2779394e+02  -2.2215721e+02
   2.5095870e+02  -1.2136581e+02
  -5.5218002e+01  -2.7919715e+02
  -2.9000905e+02  -7.4208666e+01
  -2.9816225e+02  -9.5106778e+01
  -2.3873228e+02   2.8848636e+02
  -2.6409639e+02   4.3479546e+01
  -3.8995620e+02   2.7928060e+01
  -2.3150461e+02  -4.2454684e+00
   1.4198527e+02  -2.0532490e+02
  -9.1284207e+00   2.4649878e+02
   2.3243306e+02  -7.8043710e+01
   1.4262081e+02  -2.0762304e+02
  -3.7937977e+02  -3.0339661e+01
   1.7270863e+02  -1.4645432e+02
  -8.4212419e+01  -3.5836252e+02
  -3.8009995e+02   7.3002153e+01
  -2.7380861e+02   2.6120627e+01
  -1.5438427e+01   2.2388548e+02
   2.2868367e+02   2.1789702e+02
  -5.5007572e+01  -2.9285961e+02
   1.5113632e+02   1.7181251e+02
   1.7437171e+02   3.1550373e+02
  -2.7659218e+02   1.0060506e+02
  -4.6337224e+01  -3.1490525e+02
   1.4461879e+02  -3.0413581e+02
  -3.4975990e+02   4.0806843e+00
  -2.3103211e+02   1.0541857e+02
  -2.8029871e+02  -1.9115909e+02
  -2.2846753e+02   9.9450917e+01
  -2.1893360e+02   1.9914450e+02
  -3.5351379e+02  -4.0791640e+01
   1.3901860e+02   3.2572644e+02
   3.2675188e+02   1.8099840e+02
  -2.4908631e+02  -2.0910448e+02
  -2.3642841e+02  -5.4988671e+01
   1.3371240e+02  -2.5610427e+02
   2.5739487e+02  -5.7390055e+00
  -2.1618434e+02   9.5506113e+01
   3.2570466e+02   2.1092324e+02
  -1.6412767e+02   1.1457235e+02
  -3.0098902e+02  -1.5063451e+02
   1.5732075e+02  -3.6697707e+02
   3.5128158e+02  -8.6788855e+01
   3.1428830e+02  -4.4537432e+01
  -1.4040934e+02  -2.7692907e+02
  -1.7876006e+02  -2.6233317e+02
   2.8105135e+02   6.7701279e+01
  -1.4742345e+02   2.5249239e+02
  -3.9317879e+02   6.9271863e+01
  -1.0799419e+02  -3.3206630e+02
  -7.7986942e+01  -1.9203429e+02
   2.1846498e+02   2.2763848e+02
   1.7849541e+02   2.0650373e+02
   8.3609352e+00  -3.7816628e+02
  -1.8143892e+02  -1.8239718e+02
  -1.3149747e+02   2.7598900e+02
  -6.0969432e+01   2.5270413e+02
   2.7303329e+02   8.9738669e+01
   1.4673560e+02   3.6912693e+02
  -3.2454234e+02  -2.2344983e+02
  -3.5431045e+02  -1.3628746e+02
   1.5304444e+02   1.6447233e+02
   1.1600565e+02  -2.4825415e+02
   1.1463226e+02  -3.4035301e+02
   3.1235889e+02  -7.6087092e+01
  -1.2797089e+02   2.2462254e+02
  -2.8378245e+02  -1.3464617e+02
  -1.2078831e+02  -2.2260278e+02
  -9.2525776e+01  -2.9802911e+02
   3.8585348e+01   2.9596918e+02
  -3.0354984e+01   3.8981920e+02
  -1.9995596e+02   8.1728211e+01
   3.0879132e+02   2.4614995e+02
   1.9000680e+02  -3.4229940e+02
  -3.8024203e+02  -8.7352464e-01
  -1.7815590e+02  -2.3720299e+02
  -1.2470399e+02  -2.3155363e+02
   1.7472770e+02   2.6639131e+02
  -2.5458429e+02  -8.9302034e+01
  -1.9666682e+02  -7.2004135e+01
  -2.1326379e+02  -2.1073038e+01
   3.7649825e+01   3.9293618e+02
  -3.4282739e+02  -7.2825803e+01
   1.5861256e+01  -2.2295775e+02
  -3.7285198e+02   6.6133040e+01
   2.2785503e+02  -3.2731531e+02
  -9.9287373e+01  -2.3862902e+02
   6.9584638e+01   3.4161473e+02
   2.1758763e+02  -9.5887705e+01
   1.1702705e+02   1.7330687e+02
  -2.3201962e+02   2.7028013e+02
   3.2634510e+02  -1.4490779e+02
  -2.5340414e+02  -9.1930551e+01
  -2.8606416e+02  -2.2490439e+02
   3.1529816e+01  -1.9872914e+02
   1.7800919e+02   3.4537971e+02
  -1.7252104e+02   2.1688351e+02
   2.6062952e+02   2.1041337e+02
  -2.7940976e+02   6.9340134e+01
  -3.6378825e+02  -2.4033942e+01
   2.2699284e+02  -2.4613053e+01
   8.4352915e+01  -3.0466173e+02
   2.3095602e+02  -1.7167656e+02
  -2.1751541e+02   6.6525150e+01
  -1.4136197e+02   2.3239116e+02
   1.8486765e+02  -9.5912222e+01
   8.3964951e+01  -1.9806506e+02
  -2.3758069e+02   3.0826831e+02
   2.2876596e+02   5.2470431e+01
  -2.1223027e+02   1.4841776e+02
  -5.0455809e+01   2.1030968e+02
   4.4029907e+01   2.3071797e+02
  -6.5559854e+01  -2.3751952e+02
  -2.4061804e+02   3.5525389e+01
   1.8239002e+02   2.0763946e+02
  -2.3532930e+01  -2.0798570e+02
   3.6327114e+02  -9.2925440e+01
   1.9576515e+02  -4.3834543e+01
  -2.5286570e+02   2.6296096e+02
  -2.2851711e+01  -2.5920956e+02
   3.3865360e+02  -1.3964561e+02
  -1.1888191e+02  -2.7698299e+02
  -1.9193273e+02   1.2727839e+02
   3.0721799e+02  -2.5388815e+02
  -3.5024526e+02   1.0400831e+02
  -2.0497216e+02   3.1851519e+02
  -1.5884580e+02  -2.9682627e+02
   2.2670989e+02  -9.9317440e+01
   2.3964344e+01  -2.0360700e+02
   1.5199716e+02  -3.6570221e+02
   2.4010393e+02   2.0289463e+02
